,LeagueIndex
1747,5
1896,3
2906,4
1538,5
2488,4
219,5
367,7
2436,5
549,3
2535,3
2382,4
2405,2
351,3
1222,5
772,6
1580,4
2127,4
490,5
2990,4
2636,4
498,5
2030,3
210,6
2798,4
921,6
650,6
227,2
365,2
3143,1
3221,5
276,6
2218,6
1399,5
912,4
1190,5
1577,2
407,6
2554,6
3036,6
2597,3
2599,4
1235,6
2673,1
1910,6
844,5
7,7
2846,4
1507,4
1084,4
415,3
2138,4
1572,3
1465,5
1742,4
3109,1
1929,5
199,5
1204,4
2053,6
801,5
1967,5
1313,5
283,2
2114,5
231,1
2713,4
1213,3
1738,1
96,6
1763,1
2857,2
1729,5
2606,6
1818,3
1146,4
3183,5
2877,6
1748,5
1717,5
104,7
2484,6
1964,3
2415,5
2715,3
1264,2
1037,1
435,4
2727,5
744,1
226,4
1151,1
1071,3
1003,4
3303,7
2274,3
2319,4
1535,4
2129,6
3028,2
1451,3
969,5
2033,5
1344,4
2329,2
3302,4
2946,5
1159,6
1987,5
464,5
1057,6
1034,5
2689,4
1592,3
1362,6
952,3
1978,4
3041,4
212,6
12,3
3230,3
900,5
422,5
887,4
1800,5
2553,6
1171,2
1614,3
1962,4
741,4
2937,4
2596,5
1718,4
2970,4
1601,5
1993,6
509,4
644,4
597,4
2871,5
2935,2
1437,5
1783,5
2941,3
518,6
2233,6
767,2
573,6
3257,3
3031,5
1985,4
2227,6
1022,3
1425,2
1778,4
123,5
1659,4
1665,3
220,5
819,5
3235,4
358,5
100,6
2938,3
551,6
2008,5
2043,6
259,4
3084,5
2552,5
2920,3
2659,4
3295,1
2024,4
1233,5
2674,3
2852,2
2257,2
1102,6
3022,2
2175,5
2588,4
1992,5
456,4
462,4
2478,4
926,4
3165,5
1866,4
3254,4
381,4
3233,2
1322,2
3138,1
1010,6
1123,4
1737,3
662,4
3025,2
1616,6
1766,3
2624,5
2547,4
1657,6
845,5
542,5
1587,4
3324,5
1113,5
2248,6
1236,1
2179,3
1533,4
3078,2
2375,6
3232,2
1618,4
1133,5
237,5
1374,4
2426,2
2183,2
2288,5
163,4
2071,3
252,5
1268,4
2045,5
930,6
1423,6
1192,1
1459,4
1727,4
1149,4
1697,3
1694,4
2666,6
2793,4
677,3
41,5
2334,5
1720,6
1364,5
243,5
1231,3
1288,6
2500,6
261,3
1999,3
834,1
2579,5
2332,4
1948,3
2881,5
340,1
2342,5
748,4
1545,6
480,5
1366,5
1681,5
1414,4
783,2
2865,5
3051,6
2682,4
1510,4
2086,1
1812,3
2376,5
2364,6
2425,4
3142,4
626,5
347,2
2132,3
1891,6
979,5
2878,6
2725,5
911,6
3211,6
632,3
2742,5
445,2
617,2
2140,6
2421,5
2751,6
1651,4
2868,5
2004,4
1558,1
353,3
613,6
1965,4
3170,4
2115,6
57,6
2505,4
1509,5
3197,6
2788,4
2096,4
1860,1
1546,6
1336,4
1467,2
1286,3
560,2
707,5
2351,2
424,6
1093,1
647,6
72,3
2189,3
1909,3
2854,5
1005,5
620,6
3023,4
553,4
3008,4
2964,6
1744,3
998,5
1525,2
1450,6
3053,4
3319,4
3090,5
440,4
508,5
1100,5
589,4
3262,3
649,5
2102,4
1867,4
2873,5
2438,5
660,3
630,4
1566,5
1221,5
482,5
1391,5
2851,3
1361,6
2764,5
3114,5
2808,6
856,3
3054,4
530,4
2236,5
49,3
858,4
3292,4
1072,7
719,6
2010,4
2104,5
2506,5
2365,5
1829,4
2372,6
1608,6
2487,5
2424,6
2297,4
1849,5
1360,5
1255,6
2709,5
1195,4
1424,2
2925,3
2560,3
297,5
2601,6
1490,4
958,4
1477,2
1506,4
3148,2
3201,4
349,2
1552,4
643,1
2131,6
1730,4
669,3
2499,5
2807,4
3135,6
1179,3
2083,5
3141,3
2641,6
1739,4
2155,6
786,5
2996,3
140,6
788,5
2618,5
2292,4
714,4
1642,6
1924,6
2379,6
1461,4
1795,6
1338,5
618,5
406,7
1446,5
1431,2
1356,2
2910,3
1991,6
497,4
342,5
2166,4
2526,4
782,5
2698,2
303,5
3158,3
2290,3
664,6
1177,6
1244,2
3226,2
1820,4
1789,4
1825,4
84,3
2467,4
941,2
961,6
841,4
1667,2
2644,6
1444,3
1582,6
290,4
2387,1
2707,6
604,5
2271,5
916,5
2314,3
2037,5
1099,2
1088,4
2341,6
1611,5
821,5
2743,6
1000,4
1677,5
18,5
493,2
1125,4
1511,4
2044,3
2005,2
1620,5
1925,1
3052,4
2023,5
2348,4
2872,5
2249,3
1788,5
1009,4
2686,5
360,1
2843,4
2522,3
1310,1
1502,5
1376,5
2285,3
2678,3
344,3
986,5
1859,6
743,5
1655,3
1421,5
113,6
1350,4
1241,3
1142,5
1973,7
1216,6
1198,5
85,5
2957,6
668,4
1014,4
128,4
3220,4
3132,5
891,6
2153,3
307,6
383,4
150,4
1317,4
1412,3
2184,5
426,3
494,5
1207,4
1746,5
3212,5
1208,6
2551,5
3061,5
3075,5
1385,4
1239,6
1563,1
1621,1
275,2
489,5
2340,4
1229,6
690,5
3151,5
1980,3
1432,3
1488,4
2458,4
2318,3
1058,4
118,3
1024,3
3068,5
281,2
1871,5
1316,4
3063,4
968,5
1436,5
1652,4
3276,6
2002,4
155,4
304,2
2170,4
2850,5
1703,5
2330,5
2495,6
1307,3
1938,6
575,6
3209,4
2861,3
2918,1
1299,4
1775,4
2781,4
2679,6
1735,6
843,2
2350,6
269,4
629,3
1033,2
286,3
1326,3
2465,3
300,5
3101,5
2371,5
2067,6
1644,3
65,6
2474,4
890,3
2022,4
2899,4
2103,3
2077,5
230,2
503,6
2718,4
3032,2
1808,6
1536,2
1004,6
836,6
3087,3
374,4
2291,3
2354,5
2471,5
939,5
1321,4
2310,4
751,5
99,4
2098,4
866,5
910,4
1656,4
529,4
1260,3
3062,2
636,6
1269,5
185,5
2099,6
2159,5
2411,3
931,5
1441,1
1728,4
3269,4
1745,5
2667,3
1273,2
2307,5
607,4
2768,6
151,6
1606,6
2389,5
3106,3
3273,6
731,2
2847,4
2322,5
3035,3
23,5
2804,5
158,4
861,6
1839,4
902,2
2212,4
1230,3
2513,3
444,4
3267,7
754,4
923,1
3304,5
2346,4
311,3
1375,3
548,5
2225,5
2761,6
306,4
287,6
694,5
308,2
2582,5
2246,4
749,7
1878,6
1551,4
2776,3
1626,7
908,5
86,5
2646,6
2357,6
2771,6
970,3
13,3
873,5
808,3
2867,4
514,5
3139,4
409,2
1710,5
1337,1
1413,6
2519,5
1637,6
2462,3
2942,4
2408,6
382,1
2501,6
2439,3
1532,4
1666,6
2057,5
2176,4
2196,6
1393,6
552,3
1963,5
222,4
2895,6
1096,3
2890,1
8,4
1846,5
316,4
1328,2
427,5
2369,6
105,6
1731,2
142,5
121,3
2637,6
3185,6
1189,2
3021,4
2892,4
1714,1
115,4
2144,5
1583,5
2390,2
3113,6
3279,6
1995,3
2456,6
672,5
1793,5
2032,2
1894,6
591,5
2593,4
1752,1
888,3
2117,2
1713,4
1576,3
2174,3
213,3
778,3
2399,6
1448,2
2063,5
800,4
2756,4
2392,6
1907,2
1567,6
2543,5
2962,6
1518,6
2841,4
3016,4
1343,4
273,4
71,3
720,1
1087,3
394,5
583,1
2353,2
2245,6
2251,2
500,6
2763,3
2477,6
3313,1
3048,6
1837,6
1259,6
2940,4
2107,1
205,5
733,6
2757,5
526,4
3159,2
3162,2
898,4
377,2
1559,2
2530,5
2982,6
1807,5
386,2
198,3
3263,4
1050,1
590,5
519,5
3266,6
1628,2
2273,6
429,2
1083,5
1898,5
3064,4
207,5
491,4
1674,6
1756,5
3239,2
792,5
2770,3
1186,4
1185,3
2429,5
2969,3
3320,4
2486,3
1530,3
1410,2
1476,2
83,2
2723,5
2480,4
20,5
1725,3
1627,4
1988,3
1952,4
1405,3
2221,4
1562,5
3325,6
2995,3
2422,6
973,4
3105,5
883,5
1098,1
156,3
2536,5
886,2
3334,4
2234,5
1512,6
2754,5
1872,3
2817,5
2441,1
1840,5
1453,4
1505,4
2042,4
2948,4
458,5
2195,3
78,4
3241,4
2344,2
1056,5
906,2
1957,6
2468,4
2998,5
380,5
947,4
2091,5
3176,3
2656,3
715,4
2228,1
686,7
3316,3
1293,2
305,6
209,6
3043,6
2475,5
3309,2
1927,3
885,5
2628,2
917,5
2503,6
3280,3
191,3
2112,2
2269,2
1265,3
483,3
915,2
2891,4
277,5
988,4
2745,6
1245,4
2028,5
571,5
1435,3
993,4
1754,5
1749,1
585,5
3270,5
2355,4
3328,4
1349,1
1007,6
674,4
2120,5
855,3
447,4
1777,6
865,6
2016,4
2916,5
2975,5
2651,3
2093,5
1779,4
2971,3
2765,4
1247,1
294,4
1547,4
588,6
1741,4
1281,5
2130,5
2157,6
2573,6
1933,3
2934,6
1786,7
2512,4
1417,6
425,4
534,5
1054,5
2683,6
2782,4
2084,3
1770,1
132,5
6,1
3019,2
421,3
1690,6
2958,5
2270,5
1971,5
1716,2
1368,1
556,5
2276,5
2181,5
3013,5
2979,5
3293,3
570,4
352,4
91,6
2366,3
2820,5
1170,4
1862,1
1285,4
2992,4
2759,5
1835,3
1811,3
1591,5
1847,3
697,7
2784,5
348,4
1954,4
2609,4
2700,4
2417,1
1137,4
2384,2
2951,4
3153,7
3137,4
1711,6
1339,5
2766,5
453,4
913,4
2247,4
1199,3
1274,5
2177,4
37,3
974,5
3083,6
983,5
1249,4
2241,2
1418,6
1284,5
1560,4
39,4
1486,1
2451,5
169,5
1355,4
737,3
2360,1
3077,3
1672,5
1564,3
3034,5
634,2
2947,1
2209,5
1640,3
1290,1
2600,5
1380,2
579,6
328,2
3046,6
892,5
1143,5
780,6
1961,6
159,4
1937,6
3040,3
2587,2
61,5
849,5
2374,5
3217,4
2009,5
1596,7
1776,4
1043,5
3195,6
1544,4
2922,3
2019,2
1070,3
53,4
3214,4
2712,5
1797,2
258,5
505,2
752,6
2250,5
217,5
824,4
1904,2
3333,5
2533,5
1389,2
2780,6
1266,4
2740,1
2090,1
1598,3
3020,4
2283,2
1607,4
2046,1
771,3
3203,5
3069,6
1176,5
2986,6
1868,5
1085,4
2282,3
1921,1
1325,4
3281,5
1949,6
806,6
2538,5
1403,6
2447,6
2073,6
2380,5
2092,5
1163,4
963,2
3228,5
1912,4
816,5
398,4
584,6
948,2
704,4
431,3
1688,4
292,3
145,6
323,4
2880,3
2902,6
1165,1
1452,1
2,4
1712,6
576,4
2562,1
339,6
1382,6
1983,4
925,6
265,2
376,6
2608,6
1771,4
1463,4
271,6
696,4
3307,5
244,3
3130,6
476,2
2839,5
2097,4
813,3
2069,6
1914,5
2791,4
2821,4
3210,3
3284,3
1164,5
1804,3
2419,5
250,5
413,3
545,4
1193,1
738,6
310,3
2529,5
893,5
1131,2
1449,5
3234,1
15,5
2230,2
721,3
1420,2
2930,4
981,6
2347,4
1539,2
2813,3
1911,6
1550,4
3190,4
363,2
982,3
182,5
985,2
3037,1
1194,1
2473,3
3287,3
1121,2
2498,3
187,1
619,5
2012,1
1175,4
1182,4
2650,5
2453,2
614,5
1513,4
1466,3
401,4
994,3
934,5
371,4
2210,2
2414,6
593,5
2973,5
726,3
826,6
1521,3
2268,7
687,5
2469,6
136,4
2720,4
628,2
334,4
1805,3
390,6
2571,4
1109,2
2956,2
1817,5
2370,3
3001,6
710,6
1039,2
2966,6
2527,5
2887,5
1561,4
2293,2
3067,6
1945,3
1594,3
3167,5
2801,3
1112,3
1223,6
2232,3
1508,6
1750,4
2988,5
338,5
215,3
1341,6
2795,4
3121,3
2163,4
2126,6
2260,3
101,3
2398,5
171,4
107,5
2345,3
3321,2
2929,4
3236,5
2272,3
2242,4
2510,6
2603,4
2864,1
1040,1
1524,3
3010,5
481,5
2377,6
2472,5
1762,3
2724,6
2826,2
2312,2
405,2
757,6
2186,6
97,2
1333,4
2655,6
3082,6
3056,6
2058,1
2349,3
148,6
28,5
2493,2
3164,2
692,1
1386,3
1845,5
2289,6
1599,6
701,5
1708,5
454,1
2040,5
3216,5
609,4
167,1
730,6
2407,6
2987,3
2716,2
1622,4
587,3
1401,5
1700,3
2437,5
2634,4
1379,5
2089,6
2464,3
2147,6
2711,6
441,2
2051,6
1301,1
3277,4
1304,3
236,6
520,5
735,5
2953,5
2106,4
592,4
1303,1
1387,3
2171,3
2483,2
3204,5
904,4
2829,4
1279,6
2668,3
3199,2
2653,5
2739,6
2647,4
706,1
3179,5
745,5
1939,4
2610,6
513,2
81,5
1308,5
2772,5
914,5
3071,4
774,5
329,5
2054,5
2001,3
943,4
822,3
909,3
181,5
164,3
1523,5
451,2
1311,6
1111,2
2769,6
1287,5
327,3
1790,5
2955,5
2007,5
1858,2
312,3
832,5
1201,2
2576,4
2325,5
2134,4
2585,6
1481,3
777,6
799,3
54,2
1920,6
2876,6
2403,2
1701,3
2161,6
3123,6
987,5
2401,5
1394,2
768,4
2952,1
285,4
2936,5
428,5
2079,6
722,4
951,5
989,3
3108,3
2494,6
326,3
1383,2
1724,6
1086,4
341,1
147,4
2602,5
1107,5
848,4
966,5
2803,5
2203,5
661,2
1002,7
3161,4
2994,3
2607,6
2954,2
1879,4
3223,4
1203,4
1990,4
24,4
3127,5
2258,4
2316,4
2561,4
875,6
2997,2
938,3
2785,2
3305,2
385,3
2555,5
2786,5
3256,5
2328,4
936,3
2886,6
3252,5
1332,5
1934,5
935,3
566,3
1854,3
3225,2
1645,4
2431,2
1792,6
1430,3
2583,2
1013,5
1928,6
2507,5
126,6
2333,4
1347,4
355,4
827,3
1639,4
984,6
2188,5
2836,3
362,5
345,2
2295,4
2827,4
711,4
2298,6
10,3
2684,4
2116,6
1834,4
793,2
3076,6
94,5
129,4
2496,6
3231,3
2263,4
1900,2
2440,1
2661,5
1932,5
2746,5
1865,3
1658,6
516,4
1857,4
2243,1
1277,3
950,3
1120,5
2204,3
419,6
922,5
2452,5
477,5
2035,4
2428,6
1692,4
2466,2
1471,6
1202,4
1669,2
3089,2
1970,3
2151,2
820,6
1997,6
3188,5
1248,4
2921,5
2960,5
2190,6
2907,3
1046,4
1888,6
615,3
1318,4
3207,4
2136,4
3275,5
1772,4
3282,6
131,5
77,5
2052,5
724,5
1314,6
1851,6
3249,5
3024,4
2762,5
1372,4
1855,6
1319,5
3194,1
2420,2
375,4
1908,6
333,4
3081,3
2563,1
1604,6
1118,1
3145,5
1943,6
2835,6
2802,5
1342,5
320,7
1619,4
2717,5
2060,6
2219,2
1673,3
1942,2
260,4
2903,3
2039,6
689,6
901,5
2306,2
2026,4
138,3
1917,6
1828,6
1573,4
319,4
653,5
2137,5
2584,3
558,3
2187,5
112,3
531,6
224,3
723,3
2697,2
2858,2
1433,6
2373,4
2592,5
2663,4
1458,4
3004,4
846,6
193,6
1464,3
946,6
2021,2
1629,4
117,5
645,6
1870,6
3,3
74,6
1755,2
467,4
5,2
1246,4
919,2
228,4
1063,3
242,5
2721,4
1160,3
2794,5
2897,6
1526,2
1605,6
3100,3
3312,5
2590,4
2830,6
1989,7
2615,3
2362,4
1975,4
1761,6
1305,1
1541,2
622,4
2575,6
1493,3
110,6
2275,6
2972,2
1169,4
3296,4
232,2
66,5
3011,2
2072,1
2192,6
536,6
125,6
2133,5
1254,4
2760,4
1976,3
3116,6
2589,2
2075,4
484,6
1654,5
3066,6
2525,4
2671,7
1774,4
2410,3
918,2
1646,5
1026,5
1030,4
882,3
1335,4
2476,5
364,3
2125,6
27,5
473,2
525,4
725,5
55,6
638,1
302,5
2943,1
1276,3
2932,4
624,4
2055,5
1280,1
1049,2
336,4
47,3
106,1
2397,3
1079,1
2286,3
2261,3
1144,4
2787,5
2296,2
1836,3
1753,5
1101,1
1968,4
3050,5
523,5
2280,6
1428,2
2900,2
603,4
1489,1
2614,5
60,4
3057,2
671,3
92,5
666,3
1887,4
280,6
1719,3
359,2
899,2
1935,6
1994,2
2574,4
760,5
2158,3
2917,4
42,4
2173,5
204,6
1473,6
2100,4
68,5
1875,5
2645,4
2231,6
137,5
796,4
2180,3
2128,5
758,3
541,4
1019,4
2631,2
165,4
248,2
1331,1
2017,5
446,2
2482,4
1358,5
2145,4
1329,4
3237,4
2150,5
434,6
2122,5
577,6
2657,4
3049,6
2448,5
1848,3
762,2
388,6
235,5
2898,7
1984,2
267,3
770,5
2165,4
437,3
673,5
249,3
2201,6
1574,7
2142,4
2081,6
2912,3
2856,6
3047,5
448,4
1469,3
716,5
2664,5
2908,5
2048,1
1901,4
2775,4
1168,3
82,4
2692,5
1460,1
1893,5
1668,3
2000,2
475,6
517,5
404,6
384,3
2702,3
2152,6
1633,5
3178,5
688,5
1240,4
62,3
852,4
3059,2
2752,5
1262,3
223,6
2193,1
373,4
1824,4
2819,5
3189,4
2889,6
2985,1
9,4
2497,4
1944,4
1838,6
708,5
255,2
1617,4
389,4
1581,4
924,5
2508,6
2036,6
2669,3
1224,1
2549,5
1946,4
739,4
40,2
868,6
539,4
2789,6
1371,3
1145,2
1031,2
372,4
667,5
357,4
967,3
1353,6
1035,2
470,2
1396,4
2915,4
1549,2
1256,2
2094,3
1555,2
3291,3
1250,3
1699,3
1252,4
3096,1
79,4
1172,3
814,4
1852,3
2220,4
2924,5
2105,4
133,3
1140,4
933,4
928,6
823,4
1531,3
1214,5
504,3
3298,3
2395,4
1996,4
2434,2
1958,4
1384,5
894,6
828,5
3247,3
2523,2
1683,5
3038,3
2844,2
2792,4
652,5
172,5
38,5
3180,5
713,3
90,5
3285,6
1205,5
2749,5
2927,3
1827,5
1155,4
1324,3
216,3
510,3
1680,5
499,7
2755,3
1856,1
1388,5
1519,2
2386,4
3027,4
2076,5
1540,3
1217,6
2681,6
1416,2
2217,5
3086,4
1676,6
1197,2
1542,2
2539,4
953,3
2635,5
750,2
2705,6
234,6
732,4
3327,3
1156,3
2862,2
2445,5
1209,4
1065,4
2156,3
1062,1
2616,4
1167,1
1492,2
2750,3
884,5
143,5
3272,4
850,3
717,4
3160,6
2502,6
264,3
75,5
2492,4
395,4
2831,3
2224,5
3115,6
396,2
1365,3
2778,4
1903,2
595,2
2109,5
1296,1
1821,4
872,5
3238,2
2326,3
1548,4
36,1
2710,3
2823,2
2143,6
3184,4
977,4
1571,2
1122,4
2239,1
2504,5
1892,6
675,6
728,5
412,3
1516,3
1649,5
825,4
616,5
114,4
417,1
1625,6
2652,6
3268,5
89,6
3070,4
2082,4
753,5
2546,6
1630,5
11,4
2444,3
284,3
1066,4
1191,4
1440,5
3118,5
3117,5
2738,6
3014,4
1568,4
2427,6
2737,5
2866,6
1687,4
851,2
2207,2
895,4
496,1
2305,3
1782,6
335,6
515,4
1348,3
1015,6
2816,4
3125,5
3120,4
2809,3
1781,6
2569,6
1785,5
2070,3
356,4
3323,6
1312,4
1635,5
550,4
2388,6
2479,4
2521,3
2265,2
1227,4
2980,5
957,6
1773,5
2141,4
1008,6
1092,5
2974,4
2744,4
996,6
1679,4
153,6
3098,5
2837,3
580,4
1470,5
703,4
1212,1
896,5
487,4
559,4
1141,4
1119,5
2849,3
512,6
633,5
2874,3
1664,3
1012,5
1931,4
1150,4
2838,4
3122,5
116,6
740,4
3074,4
1974,6
1081,4
1810,4
830,5
119,7
656,3
3039,2
2993,5
3259,5
635,3
369,5
268,5
2703,6
2870,4
46,5
991,6
876,3
773,2
1219,4
1126,4
4,3
1595,5
2311,3
3192,6
2491,3
1077,6
837,4
681,4
1715,4
2352,5
2617,6
2361,5
2197,2
1148,4
574,5
50,3
853,6
1982,2
2774,5
1823,5
833,4
1115,4
1166,2
2518,3
1906,5
971,6
2701,5
399,3
2559,6
2368,4
19,4
684,2
35,6
3146,3
2875,6
524,4
2455,1
920,6
1841,5
1890,5
537,6
2806,2
1705,2
3258,3
245,6
784,5
1409,4
2537,5
154,6
1686,3
2901,3
625,3
2733,6
3196,5
1346,4
569,1
3260,2
1758,4
1816,6
2065,6
127,2
3311,2
2006,5
980,4
3308,4
190,3
1139,2
992,5
699,4
606,4
180,5
301,2
2544,5
3091,4
1060,4
3136,6
3198,3
2565,5
1069,5
2524,4
2205,1
1243,3
16,4
3314,5
546,1
658,5
3007,6
3042,3
1504,3
959,4
2926,4
2331,5
797,3
225,4
2074,3
1799,6
2485,4
3294,2
2277,5
2085,5
1693,2
2797,1
1045,6
469,1
954,6
3310,4
2735,5
639,1
3094,3
1218,4
1158,6
1415,4
3018,3
1527,5
3248,3
1300,6
3186,3
2848,4
1603,3
160,4
1704,3
956,5
2869,4
3242,4
877,5
1919,6
2961,5
1884,6
2200,6
98,4
3144,3
2557,4
253,6
103,6
1445,3
1443,3
1648,4
586,3
627,4
1696,4
2101,5
2199,3
403,4
1154,5
2255,3
2863,5
1682,5
2056,3
3163,4
452,5
2301,6
1327,3
2944,5
2049,4
880,4
3245,2
623,6
2393,6
3085,5
1787,5
262,1
1634,5
1438,2
2198,6
1969,3
2520,4
1802,6
640,3
3322,2
2385,3
2598,5
3147,5
1959,4
2976,4
488,4
1843,6
1734,4
2911,3
146,6
1534,4
1986,5
1369,4
2450,4
3264,5
3002,2
2811,4
659,1
1794,4
2511,6
186,4
1147,1
608,6
2191,6
2799,3
1930,6
3029,2
197,5
2931,3
2327,6
293,6
766,3
400,5
122,5
202,5
835,5
2294,4
1439,2
1733,6
1695,4
3255,4
1707,6
3240,5
1153,5
1661,4
2432,3
1759,5
854,5
1589,4
2267,4
641,3
1,5
2160,3
698,6
2999,3
1636,6
1291,5
3175,4
2489,3
1520,6
1853,5
1136,5
3224,6
1631,4
1998,1
663,5
683,6
1257,3
317,5
648,2
1434,3
1479,2
709,2
1282,2
1768,4
972,6
2675,6
2680,2
1306,3
1400,5
1408,5
2237,6
1496,4
2038,5
1529,4
1663,1
1354,6
3251,3
3274,5
1643,4
1051,3
795,5
2693,4
3060,6
1597,6
2604,3
2729,2
2625,6
1819,3
3157,5
1722,1
1183,1
2572,4
1059,6
540,5
1678,2
2796,2
3213,2
2532,2
1757,5
1923,5
95,3
1020,5
563,3
2790,5
863,5
1484,2
2939,5
1881,5
1038,2
206,3
392,3
2842,4
870,5
397,6
2814,6
3289,2
1028,5
2690,4
1485,5
2660,6
960,6
1570,6
2773,4
1895,6
2731,5
2146,5
804,3
1751,2
2454,6
502,1
3119,2
3104,3
2977,5
779,4
1863,5
200,5
2182,6
3099,3
2088,4
3065,3
2278,4
1796,5
378,1
2336,4
418,4
1698,1
391,4
2640,6
1522,4
1162,6
3134,4
1495,2
2695,6
2027,5
1152,4
1367,5
2568,4
64,6
2062,5
1180,5
3112,2
492,4
379,3
2235,4
763,2
2264,5
791,5
1076,3
878,6
337,4
2767,6
2343,3
1016,4
1275,2
455,3
815,3
2317,3
995,5
1981,5
201,2
161,6
1579,4
2777,5
2449,2
702,4
1500,6
1129,2
2613,5
1021,5
3073,3
1585,4
1955,1
3152,1
2253,4
34,4
775,5
2556,3
1478,4
3003,4
1390,5
2139,6
1363,3
2945,6
2612,5
2824,4
2041,2
241,5
2061,2
2363,6
600,5
2435,5
1297,4
2214,5
2888,4
2068,5
646,4
3202,3
1528,2
2879,3
1267,5
1899,4
562,6
3297,3
2734,6
3005,3
189,1
1806,6
975,3
2747,4
2047,3
2558,6
1082,2
474,3
2904,3
747,5
2300,3
21,6
459,5
1184,4
2324,4
955,3
1215,4
2433,5
2853,4
1515,6
2391,1
769,5
1685,5
130,3
2919,4
3171,5
2135,4
1482,1
330,4
1238,4
466,5
2169,6
1638,2
3092,4
1095,2
1130,5
1294,4
860,5
3174,6
